00000000000000000000000000000000
01111111110111111111111111111110
01011111110000010111111111100010
01111111110111110111111111111010
01111111110100000111111111111010
01111111111101111111111111111010
01111100000000010111110000000010
01111101111111010111110000111110
00000001111111010000010000001010
00000111111111011111111111111010
00000111111111011111111111100010
00000111111110011111111111111010
00000111111111011111111111111010
01111111111111011111111111111010
01110001111111000000011100100010
01111101111111000000011100111010
01111101111111000000000000101010
01111100001000000000000011101010
01111100001000000000000010100010
01111111101111111111111010111110
01000000100000111111111010000000
01011111101111111111111010000000
01010000100100111111111010000000
01110010100100111111111010000000
00000010100101111111111010000000
00000010100101111111110010000000
00000010100101111111110010000000
00000011100101111111101011100000
00000000000100000000001000100000
00000000000111111111111111100000
00000000000000000000000000000000
00000000000000000000000000000000