00000000000000000000000000000000
01111111111101111101111112011110
01000000000101111101000000010000
01011111011101111101111111111110
01011111010000010001000111000010
01011111010000010001111111012010
01011111010000010001000000010010
01011111011100010111011111110010
01011111000100010100011111100010
01011111011101110101111111100010
01011111010001000100010100000010
01011111011101111111110111110010
01011111010100000000000111110010
01011111010100000000000111110010
01000100000100000000000111110010
01110111110100000000000111110010
01010000010100000000000111110010
01011111011100000000000111110010
01011111000000000000000111110010
01011111000000000000000111110010
01000000000000000000000111110010
01011111110000000000000111110010
01000100010000000000000000010010
01110111010111011111111111010010
00010001010101011111111111110010
01110111011101111111111111000010
01000100000000000001000000111010
01011111000000010111111100111010
01011111011111011111111100111010
01000000010001010111111100010010
01111111110111110111111100011110
00000000000000000000000000000000