00000000000000000000000000000000
00111111000000000000000111000110
00111111111111000000000111000110
00111111000001000000000111000110
00111111011111111110000111000110
00000000011111111110000111110110
00011111111111111111111111010110
00010000011111111110000111010110
00010000011111111110000010010110
00010000011111111110000010011110
00010000000100010000000010000110
01111110000100010000000010000000
01111110000100010000001111111000
01111111111101111100001111111000
01111110000001111111111111111000
01111110111111111100001111111000
01111111100001111100001111111000
01111110100001111100001111111000
01111110100000010000000000000000
01111111100011111011111000000000
01111110100011111111111111111110
01111110100011111011111011111110
00000000100011111000000011111110
00011100100011111000000000000100
00011100100011111011111101111110
01111111100011111111111101111110
01011100111111111011111101111110
01000000100011111011111101111110
01000001110011111011111101111110
01111111110011111011111111111110
00000001110011111011111101111100
00000000000000000000000000000000