00000000000000000000000000000000
00000000000000001111100000000000
00000000000000001111101111111110
00000001111111101111101111111110
00000001111111101111101111111110
00000001111111101111101000000000
00000001111111101111101000000000
00000000001000001000011100001110
00000000001000011011111100001110
00000000001000010010011100001110
00000000001011111010000000000010
00000000001011111110000000000010
00000000001011111010000000000010
00000000001011111010000011111110
00000000001011111010000011111110
00000000001000000010000011111110
00000000001111111111100011111110
00000000000000000000111111111110
00011101111111111000001011111110
01111101111111111000001000000000
01011101111111111000001000000000
01000001111111111000001000000000
01000000010000000000001000000000
01011111010011111000001000000000
01011111110011111111111000000000
01111111010011111000000000000000
00011111010011111000000000000000
00011111010011111000000000000000
00011111011111111000000000000000
00011111110011111000000000000000
00000000000000000000000000000000
00000000000000000000000000000000