00000000000000000000000000000000
01111100000000000001011111110000
01111100000000000001010100010000
01111100000000000001111101111000
01111100000000000001111100001000
01111111110111111101111111001000
00010000010111111101111111001000
01110001111111111111111111002000
01000001000111111100011111000000
01111101011111111111011111000000
00000101011111111111010000000000
00000101011111111111011100000000
00000101011100010000000100000000
00000111011100011111011100000000
00000000010000011111010000000000
00000001111111011111111100000000
00000001111111011111111100000000
00000111111111111111111100000000
00000111111111011111110000000000
01111111111111011111110021000000
01110000000000000100000001000000
01111111000111011100011111000000
01111111000101010000010100000000
01111111011101111111010111000000
01111111010000000001000001000000
01111111110000000001110001000000
00010000000000000000010001000000
00011111110000000001111111000000
00000000000000000001111111000000
00000000000000000001111111000000
00000000000000000001111111000000
00000000000000000000000000000000